0.5
0.9
0.8
0.5
0.3
1.3
1
1
0.5
-0.5
0.6
-0.2
0.1
1.3
0
-0.5
0.5
-0.8
1
1
0
0.6
0.8
0.7
2.9
1.1
-0.5
1.5
0.2
0
0.6
1.2
-0.4
-0.7
0.6
0.7
-0.5
-1.2
2
0.6
-1.2
1
-0.1
1.2
0.6
0.1
2.9
0
1.1
0.7
1.2
2.7
0
2.2
4.1
2.6
0.8
2.3
0.1
1.6
1
4.9
1.1
0.1
0.8
4.5
0
0.2
0.1
-0.3
0.8
1.7
2.2
2.2
0.5
3.5
3.1
1.1
0.7
4.6
1.3
3.6
4
2.5
0.5
4
0.6
2
4.7
2.4
0.1
2.4
0.9
0
2.1
1.3
2.8
1
3.7
0.8
3.5
0.4
0.6
1.4
3.9
0.8
0.6
1.6
6
1.4
2.1
0.5
2.8
2.7
1.3
0.3
2.4
0.5
2.6
0.7
0.6
2.9
-0.9
1
0.8
0.7
3
3.4
2.5
2.1
2.3
1.6
2.2
0.4
-0.3
0.4
2.2
1.5
3.3
3.4
0.8
3.4
1.7
0.5
3.3
1.7
2.7
3.8
3
1.1
1.4
1.1
0.1
1.1
0.4
3.1
3.8
0.9
1.6
1
1.4
3.3
2.8
1.5
4
1.4
1.1
1.7
2
2.8
2.1
2.5
1.4
3.4
1.6
2.1
0.1
2.9
1.6
2.7
2.5
2.9
1.6
1.3
2.4
0.9
4.5
2.8
2.3
2.3
2.7
2
2.1
1.8
3
4
2.6
3.6
2.1
1.5
1.2
2.1
2.7
1
0.6
1.9
0.5
3
2
0.9
2.8
3.8
1.8
2.9
2
2.5
1.6
0.7
1.7
3.4
1.2
2.1
3
1.7
1.9
1.9
2.9
0.3
0.3
2.5
1.4
2
2.7
1.2
2.2
2.5
2.3
1.7
4
2.6
1.1
2.9
1.8
1.6
2.3
1.5
1.1
1.6
1.7
2.2
1.6
1.8
2.4
0.3
2
1.2
1.6
2.2
2.2
1.4
1.3
2
3.3
2.1
2.8
1.2
1.8
1.8
1
1.4
1.9
1.3
1
1.7
1.1
0.7
1.1
0.8
0.9
1.9
0.3
0.9
1
1.3
1
0.3
1
0.6
0.3
2.1
0.9
0.5
0.7
0.4
0.7
-0.1
0.8
0.8
-0.3
-0.2
0.3
0.4
0.5
-0.5
0.5
0
0.5
0.3
0
1.3
0.4
0.3
0.8
0.6
0.5
0.7
1.8
0.8
-0.4
0.3
0.8
0.5
0.4
1
0.4
0.6
0.8
0.8
0.6
0.2
0.4
0.4
0.6
0.8
0.2
0.7
0.5
0.7
0.3
0.7
1.3
0.9
0.9
0.6
0.4
0.9
0.7
0.5
1.5
0.8
0.5
0.8
0.7
0.8
0.9
1.1
0.8
0.9
0.8
0.8
0.8
1.7
1.3
1.2
1.1
1.7
1.4
0.4
3.1
1.7
3
1.6
1.1
2.7
0.9
1.5
1.1
1.6
2.3
2
1.2
1.3
1.4
2.3
3.6
1
1
1.5
0.9
1.2
1.4
3.2
1.2
2.2
1
3
5.8
0.6
2.3
2.8
0.5
0.4
0.2
1.2
0.7
0.6
3.8
7.7
1.4
1.1
1.1
8.9
2.8
-0.2
0.9
0.3
0.5
3.6
1.3
4.7
2.9
2.1
0.6
4.6
0.7
0.8
8.6
3.8
3.3
7.8
2.2
0.9
6.3
6.6
2.8
0.4
1.3
1
3.5
0.5
0.4
2.6
3.7
0.8
0
0.2
0.3
6.3
8.1
0.4
3.8
0.2
2.9
1.1
2.2
8.5
2.1
5.2
11.4
4.2
2.3
10.2
2.8
0.7
14.2
9.9
6.6
7.9
12.6
1.6
8.6
13.3
3.6
3.3
5.4
0.5
3.6
13.3
0.7
10.7
3
16
13.2
16.2
0.3
1
18
0.5
3.7
1.4
12.3
11.4
5.5
3.7
12
1.3
1.6
0.9
1.9
1.1
1.7
16.2
11.8
14.6
2.9
8.9
18.3
11.3
19.6
13.9
4.9
6
4.5
4.5
9.3
2.5
0.8
5.9
5.7
7.4
8.8
1.3
1.5
11.8
4.4
2.8
9.1
8.2
10.5
1.2
13.5
0.5
2.8
3.4
1
6.1
1.6
3.7
9.7
5.6
7.2
15.2
2.7
12.3
7.2
8.6
1.3
10.1
10.3
1.3
11.3
15.7
20
12
2.7
7.9
24.3
6.5
8.2
0.6
2.8
6.5
2.7
16.1
21.1
11.5
2.5
1.4
1.4
1
7.2
2.2
22.3
23.3
26.1
8
1.5
5.4
1.5
5.3
25.8
6.9
4.1
1.8
6.4
13
10.7
8.7
5.4
18.3
11.9
5.8
3.5
7.3
6
6
0.9
1.3
17.6
3.6
11.2
5.9
27.3
5.7
19.9
3.1
2.7
2.7
20.4
6.8
7.1
7.7
2.9
20.5
12.9
9.7
18.8
20.4
5.5
6.9
2.5
8.1
0.8
5.7
5.3
0.7
1.1
1.5
5.3
0.8
4.8
5.3
21.9
11.1
2.2
4.4
4
23.4
20.7
9.2
1.1
0.8
5.5
17
10.6
20.8
11.1
8
27.5
21.1
20.4
3.2
16.5
1.9
8.1
24.7
0.8
16.3
1.2
10.2
21.9
8.3
1.6
10.3
4.3
1.7
13.9
5.2
11.3
1.5
25
5.9
26.3
11.1
8.6
11.7
27.6
8.7
11
1.1
4.9
5.7
5.8
4.8
23.2
12.4
6.7
5
15.2
15.2
13.2
2.8
6.8
10.7
23.9
9.9
24.6
1
21.9
1.4
2.1
1.2
12.3
17.9
17.8
21.6
5.9
10.7
15.7
5.8
26
20.8
26.9
23.6
1.8
21.6
13.6
5.3
8.7
23.3
14.1
26
20
2.3
5
13.8
20.4
30.5
10.3
25.8
19.2
24.7
11.4
9.7
0.7
16.8
5.6
2.9
20.3
4
2.1
9.3
11
3.3
13.5
0.9
27.8
25
10.7
1.9
21.8
1.9
3.4
1.4
26.6
22.4
9.4
16.9
22.9
4.4
1.1
19
14.5
23
9.6
23
9.4
8.9
6.2
15.2
1.8
2.5
27.4
8.3
16.8
13.8
10.9
25.2
24.1
9.3
1.6
26.2
15.4
7.2
1.9
15.8
28.4
11.8
1.1
3.1
25.5
24.7
1.8
25.7
26.4
1.1
21.3
18.1
27.5
9.6
13.2
14.8
1.5
4.4
16.2
28.4
4.6
17
7.4
1.8
1.7
8
8.1
1.4
6.3
3.7
1.1
2.3
24.7
1.5
2.2
1.8
2
11.5
2.4
0.6
23.1
8.3
25.1
4.6
29.4
2.6
6.2
15
7.8
8.8
1.2
7.1
1.6
12.7
19.7
7.8
1.3
7.1
17.3
12.8
11
3.4
12.7
23.4
11.6
28.7
9.7
11.6
17.9
6.5
17.1
3.2
20.1
19.7
21
6.3
2.8
13.4
31.9
1.7
19.2
29.5
3.4
11.2
8.6
3.7
13.5
8.2
9.6
16.2
5.5
25.8
21.7
27.2
18.9
20.2
24
21.4
16.9
8.2
11.5
23.4
6.9
1.5
25.5
23.9
15.5
21
15.9
6.3
4.9
11.8
1.3
27.1
1.5
6.5
19.3
27.2
2.1
20
11
10.1
17.9
3.3
5.4
24.9
1.7
3.7
11.5
2.1
22.8
3.8
2.7
1.9
14.3
13.4
21.8
7.4
3
2
3.4
20.8
3.4
31.2
21.8
9.1
12.6
22.6
8.4
13
1
1.6
1.3
6.3
1.3
0.7
5.2
0.7
16.7
4
4.3
24.6
4
10.7
11.5
24.2
3.6
5.3
1.5
12.1
24.5
10.7
2.4
17.8
27.9
25.8
6.6
15.8
22.1
10
3.1
32.9
15.2
18.1
28.5
19.9
25.4
27.1
16.4
20.6
28.1
23.1
26.5
17.4
1
28.6
7.9
5.9
29.3
24.2
22.3
25.5
13.8
6.8
6.9
25.9
13.6
11.1
5.5
20.7
26.1
24.7
3.3
8.6
9.3
18.2
12.9
20.9
14
11.3
1.4
8
7
13.8
5.1
12.1
4.4
2.3
9.7
8.8
13.3
22
3.5
4.4
4.3
7.6
6.8
17.8
12.1
25.1
15
11.5
17.6
2.1
24.1
3.4
27
20.2
6.2
20.5
13.3
8.3
9.8
26.2
23.6
2
14
7
28.7
20.8
12.6
32.6
11.4
3.1
1.7
11.6
30.1
6.5
2.6
22.3
26.3
0.7
1.3
7.8
15.9
4
28.8
12.1
20
4.5
27.6
16.6
12.8
22.1
4.7
29.6
23.5
3.1
21.2
22.4
6
26.4
6.3
14.3
6.8
1.4
19.1
16.9
35.5
17.9
0.8
24.4
27.3
24.6
28
13.4
28.5
17.1
11.9
4.2
29.5
25.4
20
12.8
29.4
17
3.6
25.9
28.5
5.4
4.7
12.2
28.7
19.4
7.2
2.7
16.5
24.6
29.2
30.8
1.9
4.2
8.8
1.6
24.5
1.5
5.1
11.2
27
23.5
9.1
28.9
25.2
14.7
0.9
30.8
6.7
23.3
10.6
5.8
21.9
20.1
28
3.8
22.7
1.9
0.7
28.2
4.1
2.1
12.5
1.8
4.6
3
1.2
14.4
19.6
9
29.7
31.3
25.4
23.8
30.6
2
7.3
10.5
29
8.6
2.4
13.5
1.6
13.7
4.3
1.5
23.6
20.4
4.2
18.9
3.7
17
11.5
20.4
31.8
3
8.6
4.8
27.9
3.5
12.1
1.6
1.8
8.5
31.5
24.5
32.1
3.2
7.5
28.9
2.5
4.7
15.8
2.9
32.9
10.4
31.7
7
1.6
3.1
24.6
20.6
28.2
28.2
16.2
22.1
20.2
28.1
11
10.8
1.2
6.3
4.2
24
3.7
10.6
12.3
29.9
14.2
10.6
5
17.6
28.2
17.4
4.7
28.4
1.6
8.4
17.5
6.6
21.7
17
9.3
2.1
30.6
28.4
13.5
10.8
15.7
1.4
26.9
1.8
1.2
13.2
3.9
3.9
5.7
-0.1
29.9
9.9
16.2
16.7
16
2
16.1
1.5
4.9
9.2
2.5
11.8
27.3
27.5
13.5
7.9
25.4
7.4
9.2
4.9
24.6
15.5
12.6
2.6
34.1
25.5
26.3
28.1
29.1
1
29.5
0.7
5.1
27
20.7
16.9
5.7
1
8.8
18.1
30.7
20.1
12.8
18.2
2.1
16.9
17
8.2
23.4
0.7
29.9
24.8
9.7
1.9
1.2
5.6
15.2
30.7
29
6.4
13.9
1.9
2.6
9.1
11.2
6
2.1
26.1
1.3
2.4
28.6
5.6
28.9
12.5
27.9
29.5
22.1
30
11.9
1.3
29.2
22.5
29.2
14.1
6.9
28.8
1.5
13
26.5
1.5
25.3
11.8
6.3
9.1
0.9
1.1
12.2
10.1
1.3
6.6
3.4
10
6.1
1.5
22.6
3.4
23.1
13.3
1.8
1.6
20.6
18.6
3.4
1.2
6.2
30.7
24.7
33.7
27.4
34.4
34
17.3
3.6
23.4
3
29.7
25.2
30.9
28.7
25.4
27.9
30.5
15.9
1.8
14.5
28.8
15
7.5
5
23.9
25.3
28.5
19.5
9.8
26.6
3.7
21.9
20.7
27.5
4
36.3
29.8
18.4
1.1
1.4
24.5
8.8
2
28.5
26.4
20.6
32.9
10.8
14.3
31.4
8.2
9.4
1.7
18
2.4
1.2
3.3
24.9
30.7
1.3
1.8
4.2
16
6.1
1.6
9.2
3.4
3.8
28.1
4.6
2.6
8.9
13.4
1.6
29.3
7.3
6.1
7.3
20.3
1.2
2.6
13.9
10
13.7
2.8
5
1
8.1
22
2.3
12.1
30.7
5.5
9.2
15.3
12.4
3.6
17.7
0.2
10.4
20.8
1.6
15.6
9.9
2
12.5
7.2
23.8
3.1
2.6
29
28.9
0.9
1.5
14.4
27.6
0.9
1.6
16.3
9.9
7.2
3.9
28.4
1.3
1.6
35.5
1.1
32.1
8.9
1.1
30.6
13.8
6.6
26.3
7.8
33
27.1
9.3
5.4
17
8.7
30
3.5
18.2
30.9
34.4
33.8
12.4
31.6
6.3
2.1
11.3
33
19.2
27.3
1.7
13.1
7.4
1.5
33.7
33.2
9.8
25.3
36
31.4
6.9
15.2
36.3
12.2
5.2
14.7
28.6
9.3
25.8
1.9
1.5
23.6
0.8
1.4
27.8
3.6
27.5
31.4
12.9
28.6
30.9
34.3
3.8
29.5
29.5
28.4
5.9
1.1
1.7
1.8
30.5
7.5
8.7
16.2
27.7
3.6
2.7
11.8
11.2
1.9
1.5
32.6
0
19.7
34.1
6.3
6.8
10.2
3.4
25.6
30
24.6
1.5
8.4
34.4
11.1
1
1
0.9
0.9
1.9
28.6
33.3
31
2.4
28.6
17.1
4.2
2.2
35.3
35.9
34.4
34.2
36.3
17
32
21.6
12.6
4.5
11.8
22.6
7
33.7
36.5
1.1
5.8
11.4
9.4
2.8
36.2
8.7
31.7
2.6
26.3
15
1.2
2.2
30.9
1.2
11.4
0.7
0.8
1.4
32
33.1
1.2
30.8
11.4
1.2
31
32.1
2.2
28.1
3.8
5.1
1.6
24.8
15.6
18.6
8.1
3.1
25.7
27.9
4.7
33
23.9
6
17.7
3.1
13.7
29.8
4.3
9.2
16.6
33.8
5.5
30.9
14
11
31.2
3.4
4.5
2
22.9
6.2
30.4
30.2
27.2
32.6
26.9
5.8
15.1
8
3.5
30.9
20.7
1.3
2.9
16.6
29.5
1.4
7.5
5.1
25.1
27.7
13.5
3.1
33.7
19.4
1.1
9.2
30.8
1.4
1.4
1.2
10.5
12.2
30.6
32.9
32
11.6
15.2
13.9
22.2
36.3
28.3
9.2
1.2
1.9
3.6
8.3
28.7
3.6
15.6
5.6
13.9
3.9
25.8
14.6
2.9
24.6
5.2
34.2
31.5
28.3
35
1.4
29.8
0.9
26.5
13
12.9
3
33.5
25.5
14
9.2
5.1
13.6
32.9
26.6
7.7
31.9
29.4
17
15.5
24.3
14.8
23.5
30
0.9
13
16.8
1.7
1.1
27.2
33.2
31.8
1
3.3
20.7
7.1
6
22.8
32
7.1
2.2
28.9
16.9
0.7
25.7
35
2.9
8.2
33.6
6.7
10.8
10
23.3
17.6
10.7
19.6
4.4
33.7
6.9
23.9
21.9
31.2
24.7
15.4
28.4
31.4
32.8
30.9
28.3
11.1
38.1
11
33.3
35.4
8.3
1.7
2.7
16.5
1.8
35.4
1.2
10.6
33.7
2.2
4.3
27.4
32.1
36.2
16.8
1.3
11.6
12.5
3.6
18.1
1.6
12.6
1.9
15
17.9
12.7
20.3
18.8
19.8
1.7
1.4
1.4
27.6
5.8
19.6
34.5
16.8
2.4
7.8
16.1
3.8
2.2
14.2
25.7
3.6
29.9
5.2
34.5
15.7
1.1
4
14.7
6.7
20.5
0.8
25.3
27.7
4.3
33.2
25.5
33.8
36.8
25
6.6
1.8
-0.5
31.5
14.6
21.3
10.1
8.1
2.6
29.6
19.9
21.5
35.2
15.2
12.5
5.8
19.2
14.2
32.3
5
1.2
35.6
9.2
27.6
30.6
3.5
29.7
22.1
25.4
6.3
29.9
7.3
3
18.2
32.7
10.6
18.8
31
28.9
35.2
0.9
1.8
31.6
23.7
28.8
10
33.3
27.4
7.9
2.4
11.9
33
29.5
12.2
22.3
34.1
12.9
7.9
37.9
28.8
14.9
16.6
17
1
4.2
4.4
7.5
27.6
13.3
9.5
7.2
11.2
5.3
9.9
11.9
29.3
37.1
1.7
6.3
4
2.5
2.7
2.6
2.6
15.1
1.4
8.9
26.1
5.9
0.8
7.8
5.1
31.9
2.9
1.5
1.7
1.3
1.4
8.9
24.8
28.9
3.7
18.2
4.2
1.2
14.7
27
1.3
1.6
27.2
8.3
23.6
30.6
1.2
1.7
10.4
14.9
13.6
24
7.7
1.4
27.7
14.1
0.6
22.9
20.1
31.6
2.3
1.2
1.6
3.5
9.1
17.1
0.9
1.3
5.9
5.8
34.6
8.5
1.3
25.9
8.8
7.7
1.3
3.1
12.2
3.9
24.8
2.3
3.4
35
34.6
35.9
16.3
15.5
10.9
11.4
16.5
31.1
1.1
15.6
32.9
5.8
0.2
14.5
12.1
10.8
6.6
2.7
13.3
37.8
33.4
15.3
31.6
1.1
32.4
5.4
15.8
32.1
2.3
27.5
1.4
4.2
27.1
30.8
16.9
12.3
5.2
18.9
3.9
15.6
1.2
35.3
3.4
8.6
35.9
1.2
35.5
27
8.2
28.6
3.5
1.5
1.4
21.2
2.8
1.3
22.4
8.5
1.1
22.5
0.9
2.3
4.4
28.5
1.5
16.8
30.3
21.2
26.4
30.5
2.2
5.8
17.5
19
32.4
11.2
29.1
25
31.8
1.5
23.1
27.3
25.1
1.1
32.8
1.6
30.1
14
34.4
33.2
19.4
5.1
36.8
16.2
25.5
30.7
1.9
34.2
1.4
2.2
34.8
0.9
37.2
16.4
1.3
30.6
1.3
23.4
19.7
38.7
6.8
1.6
32.6
34.3
37
30.8
1.3
21.9
9.6
30.6
1.1
20.1
1.6
27
1.5
1.3
18.6
15
5.7
33.8
1
3.5
1.3
22.3
28.6
8.4
27.4
37.2
31.5
1.3
1.6
36.4
33.2
28.1
26.4
10.5
20.1
28.9
8.1
28.5
1
33.4
29.8
13.5
29.4
6.5
21.5
18
30.6
38.1
39
12.7
22.1
26.6
6.4
13.3
18.3
10
32
12
30.8
35.4
6.1
9.1
1.1
25.1
29.7
30.5
1
2.7
13.9
25.7
0.9
1.3
5.4
31.8
28.6
2.2
12.8
28.8
5
1.1
4
29.8
1.3
2.5
21
9.2
3.3
27.4
15
0.7
12.8
23.9
1.3
34.7
1.4
30.5
22.1
26.8
34.7
13.4
36
2.6
8.8
33.3
10.3
1.2
4.4
1.2
3.1
21.5
36
1.6
13.7
12.2
14.4
2.9
8.8
1
29.1
5.4
26.5
20
14
30.8
24.6
29.1
0.8
29.2
2.9
4.3
2.1
9.5
5.8
10.4
11
21.9
27.8
3.1
9.3
2.9
33.9
40.3
35.1
22.2
30.5
10.8
1.3
1
19.2
22.6
30.5
20.4
32.2
10
32.8
34
31.4
7.4
33.7
35.1
19.8
2.9
25.7
29.2
30.6
2.1
2.2
3.1
6.3
31.8
26.9
29
30.2
2.6
1.7
0.8
36.1
6
0.8
35.1
33.5
8.7
7
29.1
1
26
0.8
3.3
32.1
18.2
23.4
1.5
28
1.9
5.3
34.9
2.3
7.1
4
0.9
14.3
28
40.1
25
29.7
15.7
5.4
17.3
31.9
36.5
3.6
29.7
15.2
31.3
0.9
1.1
2.7
6.8
33.5
35.2
17
35.1
33.5
25
13.4
18.7
1
10.5
35.7
0.9
28.5
17.5
19.8
8.4
37.1
15.1
1.5
13.2
39.1
30.3
27.8
14.7
10.9
31.8
3.1
30.2
33.9
5.1
1.3
1.2
28.5
6.6
16.5
1.5
28.2
9.1
1.6
4.2
1.2
9.3
1.2
18
34.6
1.4
3.4
13.8
8.6
2.4
4.6
22
26.3
1
5.4
2.4
32.7
3.3
31.4
2.8
5.2
10.9
17.9
5.7
30.6
31.9
35.5
22.7
11.4
25.1
30.9
21.2
3.3
28.8
31.4
21.4
30.6
13.4
36.9
35.8
32.5
17.2
31.2
29.2
15
34.4
11.7
1.2
35.8
5.9
38.7
16.5
26
22.6
33.9
3.4
31.2
12
34.2
36
34.3
3.7
35.8
7.6
18.6
1.4
16
36.9
31.5
30.1
34
2.4
9.7
36.1
31.6
30.1
26.4
31.3
30.6
16.6
36.9
6.7
31.7
24.4
34.9
33.3
35.1
1.1
31.7
2.9
13.4
10.4
26.5
31.7
18
6.2
3.7
4.8
23.9
22.9
3.5
1.5
29.4
33.6
15
22.4
21
28.5
1
1.6
31.2
3.8
0.7
31.2
33.4
3.8
13
7.8
10.8
1.5
1.2
2.8
37
34.9
4.8
1.9
10.3
2.9
6.5
37.9
28.2
1.5
23.6
3.7
25.8
1.5
1.1
17.5
36.5
20
30.9
10.9
0.9
0.7
15.6
9.2
1.8
1.2
0.8
3.5
28.4
8.7
32.8
30.4
3
1.7
15.3
34.1
3.9
31.5
2.8
18.3
18.9
1
36.4
38.1
0.8
7.2
8.2
1.1
33.2
32.2
22
35.3
15.5
1.1
40.4
1.6
25
31.5
1.8
28.4
1.6
6.5
29.8
8.2
32.6
20.4
2.6
38.8
1.8
9.3
39.8
9.8
9.9
4
2.2
27.4
2.8
1.4
29.4
1.3
5
1.1
3.6
12.4
1.3
4.1
22.3
2.9
39.6
34.9
32.2
23.4
18.2
37.2
21.7
27.8
29.5
22.1
34.8
3
29.4
31.8
29.8
26.5
12.8
25.4
6.3
1.4
7.1
7
1.1
1.6
16.6
1.4
6.2
9.5
17.2
10.2
39.3
32
11.7
4.8
32.8
1.7
17.6
11.6
33
37.1
1.3
1.1
1.7
3.1
19.3
7.6
3.1
9.6
3.3
15.9
6.4
32.2
36.1
40.9
22.2
15.1
33.8
26
21
0.7
27.3
34.2
2.5
5.5
9
1.2
31.4
13
31.5
14
33.8
1.8
1.2
1.5
1.1
32.6
32.4
38.5
35.3
22.4
4.2
1.2
41.7
13.7
5
24.1
29.2
2
4.7
9.4
6.7
1.7
34.4
1.7
6.8
1.2
1.4
1
35.3
3.4
30.6
29.4
2.2
21.4
31
23.1
16.1
29.8
35.2
8
0.9
9.6
25.6
22.4
26.7
1.3
10.2
37
9.8
17.6
13.1
9.8
1.6
2.1
14.1
1
34.5
2.8
39.9
15.6
37.9
13.7
29.8
7
31.8
32.1
15.8
2.7
17.7
33
20.6
2.2
34.4
1.2
18.1
12.8
17.9
2.3
26.9
35.5
1.4
1.6
1.1
5.6
0.9
3.4
2
1.4
1.4
18.5
3.2
33.9
30.8
19.7
26.5
16
11.1
25.9
34.3
31.2
2.8
30.8
2.2
12.6
1
29.2
30.1
1.2
13.3
2.1
28.9
31.5
28.2
22.3
30.4
28
28
35.6
5.6
22.4
2.2
33.9
14
22.6
4.4
35.6
36.4
1.6
6.7
0.8
32.8
35.1
22.4
2.6
19.9
4.8
1.2
1.1
31
14.6
6.2
34.4
7.2
11.6
3.7
1.7
28.2
4.5
24.3
20.1
18.5
1.4
16
6.2
30.7
20.7
29.9
1.1
1.1
16
1.6
32.1
11.4
8
6.3
1.4
3.1
35.5
33.7
1.8
14.9
33.8
28.6
3.4
3.3
28.4
34.3
27.9
21.5
32
7.8
1.4
24.7
29
8.8
1.4
27.9
15.1
9.6
13.8
34.3
33.1
25.9
13.6
28
3.8
18.8
1.1
0.3
0.5
4.6
16.4
18.8
2.6
29.3
26.9
15.7
11.1
33.1
4.7
30
16.4
27.3
21.1
27.3
37.3
28.3
17.1
9.8
32.6
7.8
6.4
36.5
4.5
32.5
8.1
0.9
2.4
35.5
25.3
19.3
29.8
-0.1
33.3
30.1
23.3
1.8
8.1
28.5
27.6
33
23.5
20.3
35
1.3
10.6
1.5
20.4
24.1
37
36.3
29.8
31.7
32.8
6.6
31.8
0.8
11.3
1.3
29.9
10.3
36.3
18.4
17.4
19.9
0.8
3.9
21.7
30.6
5.3
30.3
20.5
9.6
34
5
7.2
29.1
19.3
32.3
33.2
22.3
26.1
28.6
20.4
2.9
1
1.7
17.6
1.5
13.3
27.1
2.7
0.7
14.5
3.2
4.8
26.8
3.9
29.9
2.6
2.5
2.8
17.1
10.6
1
23.7
1.5
17.5
13.3
2.7
33.9
31.5
37.1
25.7
8
31.1
1.4
38.3
16.4
2
8.4
25.6
1
32.3
36.5
8.9
18.2
24.5
8.4
16.1
30.2
33.4
4.2
2.7
33.7
6
4.1
15
1.2
34
9.8
2.7
4.9
27.4
14.4
9.6
9.4
7.4
23.4
5.1
34.2
27
14.5
32.9
15.3
17.7
7
22.4
1.6
34
27.3
7.2
19.8
27.1
20.3
29.6
29.2
16.6
32
16.3
20.6
13.7
32.9
28.4
31.6
13.2
1
31.7
1.1
2.8
20.6
17.1
19.8
35.5
37.9
10.6
38.6
27.2
26.8
4.1
5.7
1.1
0.8
12.3
4.5
2.3
20.1
1.9
28.1
2.1
1
2.8
0.9
10.3
1.3
4.5
2.5
6.2
8.8
1.3
30.3
20.6
27.4
34.3
28.1
0.6
33.2
14.2
23.7
9.5
15
6.4
21.7
17.6
13.3
1.4
28.2
13.8
2.2
16.3
0.6
23.6
31.9
32.9
2.2
32.2
5.5
1.7
27.8
18.8
22.3
1.7
14.5
9
13.7
12.4
4.5
2.3
1.5
24.3
12.7
33.9
29
31.9
34.9
27.3
36.1
31.3
14.6
0.5
9.6
21.1
23.9
24.4
0.8
1.1
9.3
32.9
30.7
1.7
33.5
28.5
0.8
31
34.3
33.8
23.2
29.4
34.2
1.3
12.2
2.1
29.8
22.7
1
26.6
31
0.4
35.2
32.5
13
34.8
36.1
17.1
26.1
17.5
23.9
28.9
32.5
34.2
35.6
5
20.8
3.4
18.5
31.7
32.8
30.8
27.4
9.9
34.1
36.1
7.9
6.5
11.7
33.9
1.4
36
32
35
12.6
26.7
17.9
1.5
27.6
22.6
0.9
34.6
9.8
14.4
34.1
8.5
34.9
26.8
8.1
37.9
29.9
37
16.3
23.9
10.3
27.2
19.1
1.6
5.1
35.4
19.7
1.7
19.1
24.4
31.6
31.5
36.5
12.9
6.8
37.8
1.7
34
1.3
30.6
1
3.5
2.8
1.7
33.5
34.2
3.9
29.5
3.3
1.1
36.6
1.5
25.2
30
30.9
3.4
0.7
0.3
6.4
2.2
33.7
23.5
0.3
25.1
3.1
31.2
32.7
32.8
29.6
12
3.1
30.5
33.2
28.6
30.4
32.8
1.2
38.6
35.9
6
6
7.7
24.7
2.9
12.7
26.6
0.8
1
8.9
12.7
11.5
4.9
25.8
29.5
31.8
9.5
19.1
30.7
10.7
37.2
3
13
13
4.9
5.4
10.6
35.8
34.6
15.9
9.1
3
1.1
16.1
21
32.8
6.7
4.2
36.8
34.6
16.9
17.3
3.4
37.9
3.3
33.4
21.5
24.8
37.3
22.3
37.6
28.9
33.3
33.8
4.6
23.6
37.4
38.2
9.5
9.5
17.9
2.6
3.5
16.2
8.7
40.6
17.3
18.8
2
3.8
26.5
6.8
28.8
11.9
31.9
2.1
2.5
3.9
30.5
1.7
34.1
1.4
38.7
1.4
36.5
33.1
23.1
27.5
2.3
1.3
36.2
12.1
36.9
29
39
1.1
33
26.4
0.4
12
31.4
0.6
28.2
35.5
7.9
25.1
1.7
35.1
36.3
31.7
2.1
34.6
17.7
33.1
31
40.9
20.9
12.2
1.6
1.3
5.1
17.3
27.2
1.5
11.7
18.7
2.4
7.5
22.8
10.2
35.5
1.6
6.1
22.9
1.2
27.5
32.1
25.9
29.4
1.6
2.9
1.3
30.5
1.3
32.9
30.4
23.1
31.6
23.8
3
15.3
1.6
1.8
13.6
12.7
28.5
1.8
32.7
30.7
25.8
28.8
9.9
33.8
3.8
32.9
1.8
33.3
37.5
37.9
6.5
22.9
37.1
36.5
3.3
13.5
20.2
21.2
37.2
3
35.6
19.2
2
14.2
25.7
24.7
28.3
31.8
40.3
18.6
31.1
35.9
1.9
34.2
25.4
27
4
27.9
15.9
21.4
32.5
16.4
1.1
28
38.1
27.8
21.1
38.7
5.5
1.3
34.3
9.6
7.8
13.7
10.3
10.5
29.9
30.5
33.5
4.9
4.4
13.4
30.5
12
10
21.4
25
17.2
13.1
31.8
5
21
17.7
20.4
6.7
10.4
10.5
29.4
30.6
11.3
14.1
24.8
2.6
36.9
21.9
26.7
0.9
28.3
3.3
22.8
25.2
19.1
32
37
7.5
32.3
23.1
18.3
6.6
1.9
10.3
3.3
11.6
8.6
1.3
34.5
3.9
30.6
37.2
1.7
9.7
6.2
13.8
0.9
2.7
11.2
8.3
7.7
1.3
14.1
13.7
30.7
33
37.1
31.2
8.3
19.2
30
40.7
2.6
17
28.4
18.6
28.2
28.8
33.1
34.4
4.3
1.8
35.8
30.9
22.2
16
30.8
34.2
34.5
20.3
37.1
36.4
34
2.9
7
39.6
39.2
27.9
16
7.8
5.3
2
38.4
3.1
19.6
22
2.9
2.2
30.2
35.6
35.4
31.1
33.6
18.3
35.8
1
29.7
35.7
36.2
4.6
31.6
35.4
32.3
28.2
35.2
27.4
23.8
34.9
34.1
32.9
25.6
27.7
8.3
14.7
6
4.7
27.5
31.5
36.2
17
20
3.3
1.4
12.9
22.7
1.1
36.3
15.9
18.8
35.5
1.8
1.2
1.8
1.1
3.3
6.7
1.2
7.8
34.1
29
16.4
12.4
34.9
16.7
0.7
37
23.4
1.6
12.9
37.4
8.3
32.7
35.2
34
33.6
23.7
29.5
36.4
38.7
6.8
27.6
30.9
4.9
5.2
32.7
13.4
34.7
32.7
11.9
2.5
14.4
5.2
32.4
8.6
14.7
4.5
15.8
4.2
9.2
17.8
13.7
17.4
16.6
30.7
19.3
1.7
3.3
33.6
25.6
9.6
21.1
17.9
33.9
24.6
30.5
12.1
4.7
32.7
34.8
32.3
37.7
2
37.2
7.1
29.4
1.4
30.6
33.2
13.3
35.3
22.5
13
2.7
11.5
17.6
3.4
2
30.1
37.4
35.5
36.6
13.6
37.7
35.2
30.4
2.4
34.3
0.6
4.7
37.4
40
33
31
4.4
35.6
30.3
2.4
23.1
25.5
23.5
37.8
4.5
7.3
33
1.6
36.5
21.1
15.4
2.1
4.4
32.3
1.4
3.4
23.4
18.6
24.7
32
32.1
11.3
36.2
38.5
32.2
31.2
28.6
10.3
2.3
1.8
27.5
32
13.5
4.1
1.7
36.9
7.7
36.2
8.5
37.8
9.9
38.8
36
36
2.5
35
3.3
22
9.6
36.7
26.8
31.9
32.8
33.1
14.1
38.5
30.7
32.9
2.7
1.7
2.9
9.1
1.8
30
14.8
31.6
1.6
9.5
18.1
24.3
28.4
0.9
2.6
17
1.5
29.8
24.6
44.5
24.8
1
36
21.9
37
3.1
33
36.3
39.4
18.4
35.1
1.1
22.2
1.6
7.5
4.9
28.1
1.6
1.6
0.9
1.3
0.9
0.5
10.8
2.6
6.9
2.1
3.9
11.4
35.7
30.6
28
24.8
11.3
27.9
37.7
38.2
10.5
36.6
31.4
20.4
14.1
23.4
15.8
28.5
37.5
31.6
35.8
11
12.4
17
5.3
34.4
33.9
3.1
31
32.9
31.4
26
35
35.7
27.1
31.5
32.8
1.9
5.8
2.6
31.2
19.5
26.5
37.1
32.4
31.8
17
20.4
1.3
7.7
18.5
30.1
39.3
0.9
1.1
10
1
1.1
1.1
6.5
7.6
17.8
6.9
30.4
1.7
13.4
16.2
29.8
4.9
25.7
1.3
3.1
31.7
31.8
28.7
20.7
14.6
25
5.2
7.2
30.3
2.2
36.4
30.7
39.3
27.5
18
32.4
35.3
2.7
26.4
17.8
36.4
17.9
18.5
4.3
32.2
36.8
25.4
5
8.3
28.5
35.8
1.4
31.6
34.6
10.4
7.6
35
36.8
12.8
30.4
31.2
7.2
35.2
7.5
29.8
15.6
2.4
28.7
34.2
27.8
30.6
8.9
11.9
27.3
34.1
3
2
33.1
0.5
25.1
30.6
1.8
3.1
4.4
1.7
9.9
31.1
19.5
26.2
2
9
36.4
4
17.4
6.5
14.4
33.1
2
1.8
29.3
1.8
1.6
35.8
33.3
22.8
25.4
14.6
21.3
15.6
15.1
21.6
5.3
2.6
2.9
36.1
10.7
2.4
15.9
1.8
7.6
36.1
34.5
39.4
11.1
11.5
23.5
29.6
5.2
14.6
5.9
34.2
31.4
4.8
2.6
26.3
30.9
32.7
34.5
36.1
9
33.8
1.7
36.7
3.3
10.9
31.1
10.2
15.5
5.1
6.2
1.9
2.3
5.7
2.4
31.9
21.2
13
26.1
34.9
36.5
31.3
1.9
35.5
34.3
32.6
8.4
19.2
4.1
37.4
31.9
34.1
14.6
1.7
1.5
34.4
31.1
34
20.5
1.5
2
35.4
30.1
2.2
0.8
35.5
37.9
20.6
34.6
2.9
8.8
28.4
2.8
16.4
29.7
7.3
35
42
5.6
9
16
1.9
9.2
32.7
26
33.8
20.1
30.5
14.2
14.9
29.2
8
10.6
31.6
4
8.8
33.6
4.6
13.5
17
26.9
7.1
17.3
14.2
2.5
1.4
18.3
2.4
23.9
0.5
25
1.5
11.6
20.4
33.7
10
13.1
28.1
8.5
2.1
1.5
5.3
6.4
26.3
27.9
21.6
16.7
3.2
11.2
29
35.4
4.4
20
6.4
33.8
16.8
0.6
2.6
3.3
24.1
36.4
32.1
28.3
1.8
33.5
4
32.7
29.5
2.9
31.6
28.4
15
1.9
17.7
18
3.3
32.5
31.6
32.6
32.8
38.8
34.1
17.9
3.6
25.6
8.7
4.1
1.4
21.9
29.5
27.3
21.9
17.5
31
15.3
1
1.7
1.9
8.5
18.5
18.8
25.6
33.7
12.7
18.7
26.9
5
35.4
1.7
34.2
16.4
32.5
35.1
36.6
4.5
11.4
1.7
7.7
21.3
12.4
13.1
10
19.3
7
29.9
29.2
11.2
20.2
4.5
21.7
10.3
6.3
9.2
10.3
39.2
1.7
36.8
3.4
9.2
34.1
13
38.3
5.1
7.2
5.4
4.6
30.3
1.6
38
1.6
31.4
38.7
1.5
5.8
33.3
2.2
34
7.9
2
34.7
36
27.6
9.5
39.5
22.6
38.7
32
2.6
16.3
2.8
31.6
36.4
38.7
13.7
11
2.4
32.1
31.8
4.5
32.5
19.7
35.3
10.4
1.9
6.1
31.2
31.6
30.7
7.1
5.4
14.2
17.1
28.7
1.7
30.4
35.3
0.7
8
0.5
1.4
8.7
34
3.4
20
7.8
12.2
23.7
26.7
28.6
24.1
24
1.5
6.2
13.3
4.1
3.8
1.1
28.1
26.2
1.6
2.1
3.1
2.2
35.3
2.3
3.3
4.6
2.2
1.7
7.1
20.7
1.5
1.9
2.9
6.6
3.4
2.3
2.3
11.1
0.8
1.9
2.8
32.1
7.6
3.6
32.1
4.7
3
12.1
22.2
22
1.9
20.8
13.7
6.1
1.4
19.6
18.5
19.3
28.1
30.2
13.9
5.1
22.3
5
3.7
30.9
37.1
6
26.6
27.5
32.8
1.3
1
5.5
20.6
33
25.3
33
0.9
11.9
19.1
12.3
24
2.2
13.7
6.5
1.8
15.9
9.5
11.8
11.4
7.5
2.7
19
3.5
4.7
3.5
1.8
32.4
12
33.6
1.3
11
38
10.7
37.5
3
3.9
14.5
2
1.8
11.1
11.8
11.4
2.9
31.7
13.7
31.6
32.9
32.8
11.1
2.2
32.8
23.5
8.1
0.7
10.4
10.9
25.3
32.4
1.2
19.8
13.8
15.8
13.5
10.6
27.3
34.1
8.1
19.7
9.4
31.5
3.3
14.8
27.8
2
28.9
34.9
23.2
7.7
26.9
1.8
17.4
28.2
11.9
22.4
32.8
5.4
35.6
26.5
16.5
31.9
33.6
5
11.3
21.8
26.4
13.2
31.2
36.6
31.4
2.4
29.5
9.6
22.1
9.5
3.8
2
1.6
3.1
19.8
1.8
1.6
1.6
0.8
21.3
1.8
15.7
3
11.7
12.8
4.2
31.5
13
11.9
29.2
23.1
3
0.6
25.3
2.5
8.1
6
1.8
11.9
35.3
35.4
10
20.9
17.5
0.9
7.8
4.3
7.5
30.5
32.4
3.2
8.2
19.5
15.7
30
33.1
12.1
-0.1
1
30.1
3.2
33.9
1.2
2.3
16.3
2.3
4.4
3.1
14.2
6.9
27.1
0.7
14.5
10.2
17.3
0.9
24.1
8.6
34.4
7.8
15.4
2
2.5
34.7
33.1
12.1
12.8
3.7
19.5
3.9
5
34.3
32.5
20
38
8.3
12
23.1
30.1
4.2
30
20.2
31
0.8
19.5
2.4
0.8
2.5
35.2
23.2
29.6
4.8
7.2
25.5
1.9
7.7
6.3
32.6
30.6
1.8
1.8
33
11.6
2.4
4.3
37.2
2.7
32.4
28.8
2
2.8
1.9
32.5
29.1
4
3.1
10.5
27.7
23.4
18.4
15.4
5.7
8.6
1.8
17.1
25
25.1
33.1
32.7
21.5
18.4
35.8
38.1
33.1
28.9
12.3
2.2
2.6
2
34.6
32.2
40.5
26.1
7.9
11.4
34.4
26.9
22.7
23.9
12.9
33.8
2.8
31.8
31.3
33.4
13.3
7.7
12.3
20
6.4
37.5
19.2
30.3
2.6
5
6.5
24.4
31.4
24.3
29.1
19.3
23.1
3.5
3
33.8
34
6.7
12.6
33.3
24.9
2.5
32.3
10
13.1
26
38.4
34.5
35.1
7.8
2.3
11.9
34.6
6.8
7.8
36.8
32.8
24
4.2
14.8
0.6
4.9
16.5
3.8
21.2
24.9
34.3
13.5
7.1
14.7
17.9
9.2
21.4
19.3
19.3
8.3
23.3
2.9
21.8
27.6
31.9
12.2
8.2
17
2
14.5
34.1
26.5
1.7
4
3.4
1.3
31
5.8
39.6
10.8
1.8
17.3
0.8
18.2
31.6
1.9
15.6
32.7
17
25.7
3.8
12.7
32.4
27.2
1.9
33.4
34.5
27.4
16.1
9.9
35.7
21.6
3.4
6.4
18.8
5.5
30.8
34.4
32.6
13.2
2.1
34.7
24.4
13.5
6.1
35.3
30.1
14.8
14.3
15.5
2
3.9
32.3
17.8
30.5
32.3
35.7
5.8
1.7
9.3
2.3
8.9
4.7
8.9
29.3
29.3
32
16.1
5.1
30.5
34.2
4.7
32.8
5.1
27.9
15.9
6.3
1.6
20.9
40.8
2.6
34.7
33.6
4.6
35.4
13.2
20.6
1.5
35
6
2.7
33.9
21.7
2.6
7.8
14.1
6
3.9
27.2
22.8
12.8
22.3
17.6
34.6
32.5
18.6
1.8
17.2
2.8
17.7
9.2
14
11
20.4
29.7
1.7
20
16.6
31.8
34.5
2.4
25.5
8.2
17.5
4.1
7.2
1.5
2
6.3
23.2
6.4
11.1
21.4
17.9
0.8
1.5
1.8
1.8
11.3
2.1
12.6
7.4
1.7
17.9
1.9
6.8
10.5
20.3
7.9
6.7
31.4
1.5
27.4
24.5
5
4
3.9
32.7
29.7
31.8
6.2
26.1
28.2
25.6
11.4
0
23
18
3.2
7.8
2.1
34.6
0.5
32
21.3
33.9
1.6
17.7
7.6
9.4
2.7
5
31.2
4.3
7.5
30.4
33.7
14.8
3
17.7
5.4
4.9
4.4
31.8
32.5
17.8
30.4
12.3
11.8
6.4
1.6
4.9
2.7
15.2
4.9
13.1
12.5
17.6
6.1
31.9
4.1
32.7
31
12.9
5.8
16.7
17.5
29.7
6.4
30
23.8
4.5
30.4
6.2
4.3
36.1
2.9
7.6
34.4
2.6
2.5
2.4
37
10.2
6.9
5.9
2.3
1.1
30.8
18.7
7.2
1.5
32.8
7.1
15.4
2.2
26.4
28.4
0.6
26.3
20.1
27.5
31.2
5
28.2
13.8
29.8
26.8
20.4
3.1
28.6
29.2
2.2
33
36.7
32.6
16.4
35.4
30.7
7.9
30.8
31
35.9
35.9
11.9
30.5
19.5
3.2
9.8
38.1
20.7
21.2
32
30
10.7
41
25.3
25.2
13.1
22.5
37.2
17
2
13.1
6.4
33.4
15.5
35.4
5.4
7.9
1.4
3.6
15.4
2.1
7.9
2
1.9
1.5
1.8
33.2
3.5
3.9
2.4
4.9
25.3
25.3
10
2.1
2
20.9
1
13.2
2.6
30.4
14.5
14.4
1.5
31
31.2
27
25.6
2.7
30.2
11.6
17.5
27.6
22.4
13.8
1.5
28.4
3.4
17.7
2
16.5
0.8
6.2
12
30.6
7.4
30.2
1.9
33.7
2.7
13.1
33.4
3.7
33.4
10.8
4.2
23.3
10.9
0.8
0.7
21.8
16.2
3.8
18.7
19
3.7
33.8
3.2
1.8
13.8
2
1.8
19.5
2.4
14.5
9.1
39.1
27.7
-0.2
29.2
0.3
8.8
10.5
1.6
2.6
7.4
17.4
25.6
22.1
8.3
16.1
26.2
23.8
32.3
12.1
11.9
8.2
27.4
4.4
6.2
12.5
20
2.8
15.7
15.3
26
3.3
11.9
31.8
9.6
29
6.3
26.2
2.7
22.7
2.8
14.3
14.4
24.9
8.3
18
7.4
17.8
26.2
3.4
6.3
3.8
8.5
32.3
17.6
8.9
9
10.9
24.4
16.7
9.5
0.8
10.7
31.2
1.8
30.8
0.8
1.8
0.9
24.3
12.9
12.1
15.9
18.1
19.6
17.2
8.1
3.8
29.7
6.5
3.1
16.9
13.5
1.2
6.1
1.9
28.8
3.3
16.3
0.8
34.7
4.9
12.5
4.3
17.7
1.8
8.6
2.2
3.9
30.7
27.2
9.5
32.1
32.7
6.2
2.6
1.8
3
3.3
26
15.5
9.8
32.2
27.2
31.2
35.5
28.6
16.8
9.5
10.3
29.8
6.3
1.7
30.8
3.4
2.3
9.7
18.8
2.5
1.8
37.2
3.2
16
31.2
22.3
9.7
4
13.8
20.7
10.1
13
15.4
10.2
31.8
3.3
25.7
28.8
2.1
32.5
6
13.7
22.5
4.1
1.4
19
32.5
16
7.3
16.6
25.5
16.7
31.9
16.3
2.5
29.6
3.7
8.6
6.6
33.6
7.3
13.3
2.6
11
23.2
14.8
27.7
14.6
31.1
10.7
28.5
34.2
3.7
17
2
18.9
0.7
28.3
21
33.4
6.4
27.6
0.5
33.7
2.3
18.3
37.3
33.6
27
8.3
0.5
3.7
23.5
32.5
34.4
35.7
27.4
8.7
4
8.3
11.7
29.2
31.3
19.6
12.1
2.4
27
5
11.1
0.9
20.4
10.6
11.1
28.8
33.6
21.2
4.1
37.3
1.4
14
2.2
22.6
6.8
19.8
27
13.5
35.9
33.6
32.5
28.9
7.7
3.1
19.3
28.8
27.7
4.7
2.5
30.1
19.3
0.6
4.1
28.1
2.1
13.3
5.1
33.8
28.7
8.3
20
28.1
13.6
7
22.7
11.9
4.4
26.8
21.8
29.6
2.1
20.3
10.3
14.8
11.3
9.7
31.7
11.5
5.6
21.8
29.4
29.3
8.2
32.4
30.1
32.2
4.4
1
7
0.9
27.2
1.9
29.6
18.8
22.3
14.2
4.6
12.4
3.1
13.8
1.6
35.7
3
4.6
13.4
31.4
10.2
11.5
14.4
20.2
2.4
7.2
3.5
6.8
6.2
3.3
3.4
12.4
17.1
12.3
23.2
32
10.5
7
3.8
6.1
8.8
9.8
2.3
32.9
30.3
17.9
21.1
18.9
4.8
1.9
0.7
7.9
4.5
32.9
24.3
12.5
14.7
18.8
30.8
32.4
20.9
8.3
35.9
5.2
2.1
15.8
4.5
19.5
3.2
6.9
4
19.7
22.4
30.5
12.4
4.3
31.6
19
17.5
10.2
5.2
16.5
1.1
9.6
16
24.2
30.7
29.4
34.1
15.8
5.4
36.9
22.2
18.6
4.4
11.6
24.9
12.6
18.2
4.5
25.9
12.2
24.8
25.6
5
14.7
0.8
13.6
16.9
2.3
31.6
2.7
23.2
1.1
36.7
4.3
2.2
5.3
9.7
5.2
1.9
12.3
13.8
31.3
14.9
33.8
27.5
8.8
31.4
18.7
26
24.3
30
31.9
5.1
7.2
27.2
2.9
29.3
17.5
18.8
24.8
28.9
10
12
31.4
14.6
30.3
29.9
4.6
1.7
9.1
26.6
26.4
18.6
14.3
26.2
2.1
30.5
17
3.4
8.8
28.2
12.6
17.3
18
3.4
32.3
1.7
4.6
28.8
29.9
10.8
14.5
20.3
10.8
5.8
34.1
31.5
31
14
5.3
13.3
33.7
31.7
1.8
13
31.5
33.2
35
16.2
36.3
32.8
10.4
25.2
12.6
34.5
29
8
25.8
32.6
9.8
18.6
17.4
8
12.5
5.7
16.7
21.8
11.3
3.3
26.9
21.3
18.6
23.2
31.4
31.3
8.1
3.2
28.6
28.6
21.4
6.9
5.5
30.8
8.2
32.6
16.6
10.6
22
24.5
10.4
7.7
6.4
26.5
10.4
12.8
30.2
21.2
9.2
30.9
2.1
18.9
34.2
31.8
29.4
4.2
18.9
31.8
18.4
26.4
2.3
12
21.6
5.5
1
1.8
21.9
18
27.8
33.6
18.6
3.9
29.9
21.5
25
32.3
31.2
32.3
32.3
17.1
21.3
22.8
7.8
9.7
15
7.9
23.5
24
30.5
1.4
28
6.6
32.4
16
8.9
30.9
1.1
18.6
12.6
5.1
8.1
19.4
13.5
31.6
32.5
12.6
2.2
33.3
28.8
33.2
37
35.4
27.8
22.3
4.4
35.2
12.3
0.8
6.4
29.6
27.6
13.1
30.3
24.7
1.3
2.7
14
11.6
18.6
16.8
8.2
2.2
33.9
3.8
38.9
27.7
15.8
34.7
2.2
18.6
34.7
26.9
9.2
24.6
8.4
24.1
31.7
9.3
16.6
9
26.2
1.8
32.1
5.8
19.9
15.5
3.3
1.7
2.1
1.8
6.8
10.5
2.1
35.1
32.4
29.4
29.1
21.8
16.7
33.9
15.4
32.6
30.5
0.8
27.5
11.3
25.5
1
29.8
20.1
33.8
22.7
3.1
27.3
33.7
31.1
1
32.2
5
1.8
24.7
4.6
4
8
8.5
17.5
6.2
31.9
11.7
1
1.8
16.8
31
22.3
19
3.5
11.7
31.4
16.6
37.6
17.8
5
32.6
24.8
38.1
19.7
19.6
0.4
6.3
0.4
9.4
8.5
4
28.6
34.6
11.1
29.4
29.4
1.1
13.5
5.5
10.2
16.6
32.9
35.4
11.8
13.8
5.6
1.9
1.1
2.6
22.7
11.7
1.8
34.5
29.4
2.1
7.2
1.7
22.9
20.9
3
13.3
31.6
22
1.5
9.3
30
27.4
4
3.9
29
33
5.6
1.8
1
33.3
4.5
18.7
9
30
33.3
32.5
35.5
15.2
7.3
23.1
12.3
19.3
0.9
26.7
16.4
8.6
34.9
31.4
16.3
30.5
27
2.5
27.6
35.4
8.2
29.2
27.8
34.1
1.9
32.5
29.6
34.1
32.7
2.5
1.6
27.3
8.3
6.1
35.5
2.6
15.5
1.5
14.1
3.1
3.2
14.2
6.6
21.9
30.5
12.5
4.1
4.8
2.4
29.6
34.2
25.1
17.3
7
24.1
5.2
2.7
3
6.3
1.3
31.4
29
14
35.5
32.3
34
15.9
34.4
1.9
32.6
23.3
29.2
3.2
14.7
10.2
20.5
27.5
13.8
19.7
7.5
30.9
5.6
7.5
31.9
24.2
23.6
33.8
33.1
31.5
23.7
31.2
8.3
19.6
31
28.6
30.9
17.7
6.5
2.2
5.6
5.9
17
27
31.3
16.1
26.2
18.8
31.1
4.2
6.2
13.7
4.4
24
29.9
10.7
20.8
18.5
29.4
30.4
5.4
30.4
10.2
33.6
20.7
33.2
22.9
5.6
9.7
13.4
30.1
29.5
35.4
31.4
34.6
36.8
5.2
16.9
25
11
20.3
9.5
7.5
33.1
33.2
20.2
6
4
15
1.1
1.8
2.7
34.9
14.6
8.8
24.8
1
30.2
36.8
31.7
20
26.8
3.7
31.5
16.8
9.1
28.3
23
12.9
5.5
1
20.8
34.9
32.5
11.2
32.8
2.5
29.5
30.8
26
32.3
36.3
35.6
28.6
10.1
4.1
29
3
2.6
26.7
34.3
11.2
32.8
36.3
7.3
10.6
4.3
3.7
34.3
7.4
26.4
3
34.6
29.3
34.3
34
8.6
9.8
34.5
32.8
3.4
2.2
2.1
18.6
30.7
31.3
27.5
20.1
19.7
17.7
13.4
32.7
19.3
6.7
8.1
18.6
6.3
38.3
2
17.8
16.9
11.8
1.2
8.2
15.5
5.7
6.6
28.8
1.5
13.9
17.7
5.6
3.7
14.8
24.2
1.1
34.8
31
30
4.5
33
27.6
1.7
14.7
3.4
10.5
4
24.4
2
20.5
11.6
2.9
33.9
21.7
1.9
3
22.7
22.5
1.3
2.1
14.4
1.9
14.7
6.4
34.3
36.4
35.4
2.7
1.8
17.4
32.6
1.3
12.9
31.6
25.8
34
33.1
27.6
11.1
9.7
26.5
28.7
3.6
34.6
34.6
1.1
32.3
3.9
17.9
32.7
31.7
28.7
35.6
3.2
22.1
33.8
29.3
1
28.6
29.9
29.3
11
8.3
2.6
6.5
27.9
35.6
14.7
7.9
36.5
35.6
23.7
21.8
27
19.3
33.3
21.6
20.9
5.8
10.6
20.7
28.1
3.8
28.1
1.7
20.5
8.6
26.3
19.7
29.8
16.2
20.4
24.7
15.7
34.1
28.8
8.2
25.9
12.2
22.6
3.4
6.6
4.6
3.9
5
35.3
17.9
12.9
33.2
0.8
4.8
1.8
17.1
35.1
8.1
16.3
10.8
23.8
19.6
32.8
1.1
12.3
21.8
13.6
7
21.8
2.4
28.4
6.3
8.3
25.5
9.3
2
3.4
30.1
30.8
26.2
15.7
8.5
11.4
0.8
32.4
25.2
25.7
9.6
23.1
22.6
4.1
8
31.1
21.1
27.4
27
6.6
13.8
22.9
3.7
31.5
1.6
27.9
26.1
28
1.7
28.1
1.5
34
13
18.6
1.6
1
27.6
33
16.6
29
20.8
4.1
1.9
7.8
5.7
9.9
19.1
30.7
22.1
6.6
28.1
5.4
27.3
19.9
11.4
8.7
14.7
11.9
4.4
2.2
7.3
26.4
2.1
16.2
10.6
23.3
16.6
11.7
4.5
9.2
6.8
0.6
18.9
7.6
31.7
3.2
22.7
5.9
8.2
9.7
3.8
1.4
38.6
1.9
2.5
23.2
3.5
2
21.1
24.4
5.1
4.3
8.8
25.9
21.1
1.1
6.9
23.8
34.4
4.9
29.5
31.9
5.4
24.6
25
21.5
1.9
32.1
8.6
9.2
3
4.8
23
27.9
33.9
23.9
2.2
32.2
11.6
1
10.2
4
24.6
11.1
17
30.7
1.8
32.5
4.2
2.2
1.2
30.9
6.7
30.3
0.7
24.9
15.1
27.6
-0.3
35.7
28.2
6.1
25.2
2
20.9
26.9
3.2
16.2
10.9
28.2
33.1
16.3
1
5.6
5
19.7
24.1
14.3
29.3
20.9
30.1
32.2
3
20.7
15.5
25.6
5.1
1.3
17.2
13.8
5.6
2
30.6
17.9
1.6
31.2
10.8
8.2
1.8
32.1
6.2
9
32.6
30.5
29.1
2.3
8.1
30.3
27.3
8.2
35.1
28.8
32.3
28.3
5.2
16.2
23.5
2
21.7
1.7
15.4
1.1
1.4
0.7
0.6
5
8.1
6.3
8
-0.1
18.9
11.2
0.5
0.4
0.3
0.6
0.5
0.4
1
7.4
0.6
-0.4
11.1
1.8
29.5
0.7
1.4
1.8
4.6
0.6
16.8
0.6
25.7
4
28.3
0.6
0.4
0.4
0
3.3
25
2.6
6.2
2.4
2.1
20.4
31
35.2
8.2
2.1
19.3
2.4
26.2
17
1.9
2
35.5
6.9
6.8
18.9
26
1.9
25.2
6.3
12.5
15.5
6.8
33.2
16
18.9
27
24.5
4.7
31.8
23.4
28.6
3.1
2.7
11.4
9.2
9.6
20.3
4.1
6.8
9
2.9
16.6
17.1
2.1
8.5
14.7
20.3
1.2
32.1
2.9
4.7
0.4
3.2
28.5
3
12.6
29.3
33.5
28.5
28.8
17.9
7.3
27.7
18.8
24.3
4.1
32.1
4
33.5
7.6
14.1
29
32.1
24.9
12
6.6
29.1
18.2
32.3
20
18.7
8.6
8.1
1.1
33.7
28.4
8.5
8.9
19.6
35.9
32.4
28.8
8.8
5.3
1.5
7.1
0.7
5.9
2
2.7
0.7
0.6
1.3
21.5
34.2
12.8
18.7
34.3
21.2
5.6
16.9
4.1
6
23.2
0.7
2.7
7.6
11.4
6.7
33.2
32.7
1.7
35.9
35.4
21.7
18.7
34.9
7.5
29.8
1.6
12.9
2.5
6.1
30.5
9.5
1.9
31.8
22.5
1.5
1.5
0.6
2
11.5
0.9
1.7
1.5
6.6
5.6
10.7
2.3
1.5
0.9
19.1
5.6
19.7
27.3
15.1
2.8
14
26.4
29.4
20.7
24.4
32.7
2.6
2
29.7
5
3.8
20.3
33.6
9.8
17.3
3.1
31.8
7.2
1.7
0.9
17.1
1.6
30.5
3.3
30
8.4
1.6
1.6
30.6
23.5
7.4
8.1
22.9
32.3
31.2
36.1
18.2
15.7
7.8
2.5
5.5
12.1
10.4
6.9
7
3.8
3.3
16
11.8
12.5
20.3
14
31.5
13.7
13.1
4.1
17.1
13
10
2.8
4.7
10.9
7.7
7.5
10.8
3.7
16.6
23.5
8.1
16.4
5.1
15.6
1.4
27
2.8
9.5
13.2
10.8
1.3
4.2
34.8
14.2
34.4
7.2
15.4
28.1
7.6
28.5
6.8
15.4
5.1
11.5
8.1
21.5
10.5
11.1
3.5
6.1
1.9
13.7
1.4
15.8
30
30.5
1.9
11.7
37.9
26.8
3
29.1
20.9
30.2
1.9
17.8
16.8
17.6
14.2
2.1
32.3
1.2
26.5
7.3
8.3
0.8
31.2
4.2
16.6
0.7
11.2
33.4
7.5
22.9
18.5
15.8
7.8
2.5
24.7
34.5
3.8
17.1
21.9
11.9
28.8
12.7
24.2
31.3
33.6
14.5
11.9
16.7
2.2
14.5
26.2
20.3
33.9
2.8
33.3
2
29.2
26.1
5.4
2.7
8.3
33.6
14.5
29.4
30.9
12.6
7.3
30.8
28.9
28.9
34.2
27.2
27.2
2.1
5.4
1.3
5.3
12.8
32.6
3
24.2
8.7
2.3
26.6
2.2
14.3
5.5
21.8
9
2.4
4.6
17.1
39.3
30.7
7.4
8.7
3.1
6
7.8
13.6
31.2
32.4
9.3
21.9
10.2
27.5
30.4
31.8
28.9
1.6
27.1
30.9
3.7
22.2
28
4.6
4.1
7.9
3
28
1.5
4.7
0.6
1.8
2.2
2.7
8.1
3.2
0.3
1.4
7
10
2.1
10
22.1
14.6
4.2
2.5
11.9
2.5
3.2
3.7
2.1
4.6
1.9
27.8
5
1.5
2.7
2.6
21.9
9.8
14.5
16.3
26.4
32.5
3.1
13.5
10.1
34.3
27.9
33.9
22.8
11.6
19.9
4.9
0.6
1.6
0.9
4.1
3
32.2
33.8
2.9
30.2
7.5
29.8
3.3
1
10.9
16.8
29.2
26.4
18.4
23.3
3.8
8.9
18.5
13.1
26.8
20.7
1
26.1
36.9
3.4
5.2
2.3
14.8
20.3
2.4
7.3
9.9
25.2
10.7
4.1
30.7
31
31.9
33.7
1.9
33.7
11.8
19.3
17.3
30.3
32.4
0.8
25.7
2.7
1.7
25.7
4.6
20.3
2.3
32.2
26.7
7.2
25.7
21.4
21.7
19.3
31.5
5.6
21.7
10.6
33.3
36.7
9.7
1.4
25.4
4.9
0.5
26
20.1
16.2
2.9
10.8
20.8
15.4
13.9
21.8
0.7
16.2
6.3
28.8
14.3
2.8
4.9
20.3
9.3
1.2
4.6
8.1
2.2
3.1
9.8
28.6
28.2
20
8.8
13.8
2.7
3.3
24.4
29.3
16
31.7
16
24.4
15.9
27.4
2.1
31.9
15.5
10.6
1.1
9.2
23.4
22.4
26.9
34.2
18.3
5.7
13.2
13.3
0.9
8.5
10
7.5
4.4
1.5
31.7
2
6.6
37.3
33.2
29
37.7
15.6
7.2
2.1
35.9
29.3
12.4
24.7
30.6
7.3
14
6.6
35
30.2
28.8
31.4
23.7
31.1
10
2.2
27.7
30.1
24.8
30.3
33.1
28.6
1.1
1.8
30.4
30.2
30.6
14.4
32.6
16.9
9.1
1.7
33.4
34.1
28.6
18.4
5
34.4
1.2
12.7
24.2
17.2
29.2
10.2
7.7
4.4
30.4
0.7
25.7
35.5
34.4
8.3
10.4
0.8
27.9
12.7
14.3
2.7
32.9
2
1.3
26.5
25.4
25.3
33.3
30.4
17.6
27.2
1.4
33
7
8.1
1.9
18.6
2.7
3
16.8
21.8
14.3
6.3
18.8
9
7.3
1.1
18.3
30.4
20.7
7.7
9.4
31.2
31.9
10.2
21.9
17.7
3.6
15.7
23.4
15
16.7
15.5
2.1
1.9
1.3
34.2
14.9
3.3
7.6
20.5
29.2
3.8
24.8
25.9
23.3
12.3
18.7
20.7
4.8
26.4
15.1
6.9
5.4
5.5
19.5
21.5
31.6
17.7
20.7
31.5
31
24.6
23.8
31.3
16.3
4.9
30.1
3.9
4.6
1.8
22.8
5.9
1.8
5.3
34.1
27.2
0.5
21
1
31.2
21.6
11.5
25.4
7.4
35.3
13.8
38.7
30.4
32.1
29.7
7.2
7.9
6.1
3.7
31.9
4.9
26.9
39.3
34.3
3.8
34.6
35.7
35
3
31.6
18.6
14.3
10.2
13.1
10.7
2.6
2.6
33.5
31.9
12.3
30.6
15.3
6.7
5.6
36.9
1.9
34.5
5.2
2.7
1.4
11.8
2
27.1
34.3
8.5
9.2
9.2
4.6
16.2
2.5
41.2
5.4
10.4
30.1
32.9
4.5
14.1
3.1
30.4
12.2
11.5
3.9
5.2
9.6
0.5
30.7
3
25.9
35.2
9.7
4.3
16.9
9
31.5
3.3
4.7
2.6
37.4
21.9
3
17.1
15.3
13
7.9
6.5
29.6
25.7
7.6
2.6
3.6
21.6
8.1
28.7
31.5
17
29.5
38
8.2
8.7
6.1
5.8
17.8
19.9
11.5
35.5
33.5
34.3
27.7
8.3
8.3
32.2
10.5
16.6
14.8
2.1
3.2
34.4
34.2
19.4
13.3
31.6
6.2
2.3
19
8.9
11.4
18.2
20.8
32.5
13.5
7.4
4
36.3
20.1
35.8
24.8
14.7
1.9
6.3
9.3
29.3
11.7
2.8
9.3
2.8
2.5
30.4
17.1
19.7
11.6
20.4
31.7
26
13.5
25.8
32.7
3.9
15.6
5.7
9.7
9.5
21.9
5.7
3.6
19.9
31.3
11.2
14.8
8.2
10.2
26.9
23.1
10.9
6.8
11.6
14.8
3.8
3.2
1.6
3.2
4.4
1.1
0.5
10.7
17.6
8
6.2
12.8
18.4
3.1
11.5
32.5
2.8
6.9
29.8
22.3
29.4
27.2
19.5
34.5
3.2
30
11
2.1
24.9
5
3.3
3.7
6.3
2.6
4
18.3
14.5
37.2
10.5
9.7
23.4
16.7
16.4
21.1
2.2
9.2
12
0.9
32
2.5
21.4
27.8
30.4
27
18
3.6
1.1
26.3
31
29.1
2.8
6
2
27.7
4
4.6
33.1
31.2
10.9
29.5
23.1
26.6
29.6
0.6
34.2
1.3
6.4
12.1
34.8
3.7
9.6
6.3
33.4
17.1
24.1
30.2
15.9
20.3
18.7
5.1
15.6
12.8
12.5
13.8
1.9
22.8
21.1
38.1
25.5
30.2
7.7
5.9
10.1
15.4
2.5
3.3
2.5
15.1
14.1
15.1
3.7
11.7
1.6
4.7
14.4
1.7
2.5
6.1
1.6
1.6
9
6.1
4.1
4.7
9.4
13.5
16.4
4.1
22.2
16.7
21.4
6.9
16.6
0.6
4
16.1
27
3.9
32.1
21.5
5.1
7.3
7.4
18.6
14
31.4
29
22.7
2.2
16.3
12.8
7.5
15.3
4
25.6
22.9
1.8
18.7
11.1
24
24
3.2
21.3
34.3
6.7
2.3
2.2
25.3
3
3.7
1.8
20.6
18.4
8.1
26.2
3
14.2
31.2
11.2
3.8
32.5
2.9
16.9
31.7
31.4
3.9
11.2
32.2
13.7
5.6
1.7
2.8
6
22.2
26.9
29.5
28.2
6.2
33.4
10.6
15.2
7.4
7.1
2.1
1.4
23.1
3.9
9.3
0.7
16.7
13
3
7.2
17.5
26.6
33.8
0.4
0.6
35.4
1.9
22.1
8.6
12.3
0.4
14.1
3.3
3.3
17.9
34.5
33.5
18.1
-0.5
3.7
21.7
32.5
4.4
16.4
33.2
3.1
29.3
29.1
8.2
18.7
9.9
24.8
31.2
26.4
11.7
0.5
9
4.3
22.6
33.1
28.8
28.3
34.1
25.9
3
4.7
10.9
31.2
17.6
16.3
32.4
15.2
1.6
0.9
10
33.8
17.3
32.1
1.4
31
4.7
5.8
3.1
8
15.1
29.3
19.2
2.7
29.1
21.3
16.5
8.6
5.2
26.9
2.6
11.8
3.6
2.8
10.4
8.5
27
3.2
22.5
1.7
1.2
16
18.1
26.3
30
32.7
27.3
31.5
1.6
32.1
6.4
11.7
29.5
16.8
15
3.4
13.6
6.9
1.2
2.4
2
11.9
2.9
5.9
24.4
25.8
14.3
13.4
1.2
9.3
7.9
19.3
12.9
10.5
1.6
25.4
3.8
7.9
19
8.5
24.3
23.6
16.5
28.1
24.8
1.4
6.9
20.3
32.6
28.3
3.3
25.6
14.8
5.7
33.4
30.9
17.4
3.6
5.2
8.5
25.6
29
23.8
26
5.7
2.2
11
3.6
6.9
7.4
8.7
2.6
11.4
4.3
26.8
20.7
26.3
31
26.5
7.8
31.2
19.7
8.5
13.7
24.9
28.1
28.8
27.9
2.1
8.3
6.7
1.3
30.6
10.2
10.6
25
16.5
31.3
33.6
13.1
2.3
20.9
16.7
1.6
2.9
27.9
31.2
9.8
37.6
2.5
21.8
28.7
25.9
29.4
7.3
35.1
29.4
29.8
30.6
20
16.7
19.8
10.4
18.4
34.9
31.6
26.5
2.8
26.4
11
30.1
6
7.6
5.1
2.2
1.5
5
1.6
27.3
24.7
28.8
2.1
5.7
27.4
13.2
5.5
17.4
24.1
32.3
25.6
5.2
24.5
25.2
1.9
22.8
29.4
24
19.7
6
8.3
16.9
30.9
22.1
5.8
12.9
28.4
12
9.2
5.6
31.2
24.7
19.3
6.6
9.3
12.3
32.9
22.2
26.2
17.9
2.1
5.7
29.9
11.7
2.2
2.1
25.9
31
8.5
4.1
27.7
10.1
30.2
35.3
3.2
27.8
1.9
1.9
15
27.6
26.1
23.3
23.7
16
13.1
1.6
3.7
3.1
7.4
32.4
22.4
26.4
24.6
27.2
17.2
4.1
27.1
5.1
4.1
12.6
26.5
25.4
14
1.9
29.9
25.3
11
22.7
33.5
25.4
23.8
16.3
6.8
22
21.7
13.7
7.2
14.8
8.9
19.4
30.1
19.2
33.6
4.9
36.2
29.4
27.8
8.5
29.5
7.7
15.2
16.7
1.7
33.1
14
0.8
31.2
18
14.1
8.1
23
20.5
3.3
27.4
17
28.1
18.1
1.1
18
6.4
4.8
1.8
4.6
28.2
12.5
1.6
27.1
5.2
29
4.3
4
1.7
2.3
1.4
29.5
13.2
30.2
19.6
22.1
21.9
21
3.9
22.5
12.8
26.6
9.2
7.9
3.2
19.6
19.3
8
15.7
13.9
3.7
30
18.8
2.6
10.1
18.8
3.1
19.6
17.9
18.4
23
5.4
28.2
5.3
5.3
17.9
31.8
19
13.2
13
28.5
7
36.2
2.8
1.2
2.7
5.5
4.5
18.3
7.6
5.9
8.7
22.8
1.6
21.5
1.5
1.9
4.8
33.3
27.1
2.7
26.6
28.9
16.1
24.2
4.1
11.9
5.3
5.5
4.1
33.2
29.9
1.6
2.2
0.8
33.2
9.7
9.4
1.6
3.4
4.1
21.8
22.6
4.8
10.3
1.9
3.2
2.1
3.6
25.3
29.9
25.8
2.1
11
29
27.5
10
32.1
2.7
11.5
4.6
19.3
4.6
27.2
26.6
27.3
11.1
6.7
10.3
8.5
28.3
18.7
11.1
33.6
28
8.7
24.2
32
26.8
18.6
19.9
29.8
0.7
34.5
32.1
30.2
7.6
12.7
4.6
6.5
21.5
33.2
3.7
17.2
27.8
5.3
10.1
7.9
6
1.7
15.3
16.8
25.6
27.5
15.1
9.3
15.7
24.1
12.6
12.7
31.2
32.3
2.5
9.1
2.6
5.4
19.5
27.3
3.2
7.5
30.4
23
13.3
4
8.8
19.8
6.2
9.1
24.5
15.8
27.1
34.8
3.2
8.2
2.5
26
32
8.4
27.6
7.7
7.6
17.8
3.1
24.6
3.6
3.2
12.3
2.1
25
32.5
2.3
8.5
6.4
13.9
8.8
3.2
21.6
32.1
1.6
4.7
11.2
15.9
4
8.3
2.9
23.8
6.1
1.5
25.5
29.1
28.3
2.1
3.4
2.8
14.7
4.8
29.5
22.4
26.6
3.6
20.4
2.3
11
2.7
5.6
12.9
5.8
5.2
31.8
31.6
14.5
26.3
18.7
26.5
1.3
1.5
17.6
10.7
27.9
12
11.1
3.6
7.4
1.6
6.5
11.6
22.2
31.2
31
28.2
9
5.8
14.7
14.8
30.2
25.6
1.7
27.2
30.4
22.4
28.9
27.2
20.2
10.3
11.1
7.4
2.2
33.1
33.5
16.2
19.5
3.9
32.4
30.4
2.8
11.5
1.3
16.1
7
13.7
16.9
27.4
30
23.4
12.1
15.4
2.1
9.8
17.8
2
10.6
8.4
29.9
12.8
30.7
2.9
31.6
11.5
15.2
4.6
32.9
1.9
7.1
0.7
2.4
9.3
27.3
21.3
13.6
12.6
3
9.1
22.6
15.6
1.1
4.3
5.6
3.3
9.4
6.7
10.2
9.6
4.5
10.9
2.6
29.5
3.1
10.4
30
3
13.6
20.9
11
13.4
5.2
26.4
4.9
21.9
26
23.6
5.3
2.4
7.8
4.6
3.9
19.3
22.6
3.6
2.4
31.8
15.9
1.8
1.1
13.1
29.5
22.2
1.5
7.9
7.3
27.9
1.8
18.9
12.4
9.5
26.2
11.7
23.2
22
9.8
3.3
19.2
13.7
7.6
1.4
22.4
10.9
6
22.6
1.8
7.3
9.3
20.9
14.2
10.1
28.7
14
9.5
19.5
14
26.1
15.8
26.6
3.3
11.5
18.4
12.9
24.7
28.4
20.2
9.3
7.4
20.6
20.2
13
8.3
4.9
27.8
18.5
14.1
0.7
8.6
22.8
35.9
12.6
30.5
27.4
6.4
14
13.9
9.7
24.7
26.4
17.4
0.3
17
6.4
12.7
17.9
6.7
29.3
9.6
13.3
2.8
23.6
10.5
7.3
13
28
17.4
14
24.5
2.6
4.5
18
29.2
14.1
26.4
14.8
30.3
30
15.2
3.9
2
9.2
8.5
23.9
11.4
1.7
2.1
2.1
3.8
1.8
15.1
29.4
27.2
16.3
29.7
1.7
1.7
19.7
2.2
17.3
28.3
1.7
13.6
8
1.5
10.3
5.2
7.5
10.5
9.6
1.9
18.3
12.9
6.3
3.4
0.9
3.2
1.3
5.9
10.2
1.9
4.1
21.9
26.5
1.5
6.1
35.4
9
11.9
30.1
14
27.5
1.8
11.7
8.4
1.4
26.3
11.2
2.5
1.3
2.6
28.9
2
8.2
3.8
2.9
15.8
26.7
23
13.8
30.6
15.3
30.6
3.1
15.1
13.7
7.1
24.3
27.5
30.6
1
26.2
30.5
5.1
18.6
28.9
29.9
20.6
29.4
3.6
1.9
1.6
31.3
31.6
11.4
16.7
6.9
5.1
3.1
2.8
22.9
4.2
1.5
2.5
33.1
18
23.8
9.6
32.7
12.5
22.2
3.3
28.5
27.8
27.5
6.3
5.3
9.7
34
10.9
21.4
11.5
27.4
2.5
1.7
8.8
12.4
15.3
24.2
10.5
3.6
29.2
30.9
6.4
30.8
29.1
17.5
26.5
24
6.5
7.6
14.7
24.9
2.2
32.3
27.9
7.6
32.4
31.4
3.2
34.3
5.3
17.1
1.2
12.4
1.4
5.5
3.8
25.3
9.7
1.9
2.7
10.5
21.3
21.5
11.7
2.8
11.1
26.6
18.6
6.7
5.2
27.2
5.2
4.7
28.4
5
3
17.2
2.9
8.6
1.8
2.1
21.6
4.2
11.3
6.5
15.2
3.8
2.4
8.4
2
7.5
1.9
16.9
29.6
6.5
31.1
26.9
9.4
29.2
27.2
10.4
34.1
11.3
1.3
21.7
9.8
17.8
2.9
1.3
17
11.3
30.6
17.3
14
29.4
14.5
9.2
23.3
20.2
17.6
25.4
8.3
8.4
11.3
6.8
12.5
8.9
1.7
5.6
28.8
4.5
16
0.6
2
-0.1
0.4
26.3
23.8
3.3
24.6
-0.1
0
-0.8
0.2
-0.2
0.3
1.4
1.3
-0.8
0.4
0.2
0.8
21.6
22.6
11.1
5.1
1.2
0.7
24.7
5.4
1.1
0.6
1.7
27.9
13.2
31.1
33
1.9
8.1
2.9
1.6
24.5
20.9
35
33.2
26.3
36.9
1.1
8.7
30.2
4.2
26.6
5.5
2.9
17.7
16.4
5.5
31.7
26.8
1.7
8.9
1.7
34.1
23.5
28.2
30.8
5.8
17.8
12.5
29
28.6
10.7
23.9
31.1
28.3
1.2
21.7
26.1
19.3
4.5
6.7
28.8
7.2
12.6
21.2
14.5
7.3
17.6
1.5
8.2
26.5
7.6
36.3
4.5
19.7
24.6
5.6
23.7
19.7
7.3
29.8
13.9
19.9
22
8.9
14.7
9.3
1.9
3.4
1.9
7.1
3.9
10.9
11.6
20.1
21.3
27.2
12.5
12.7
16.5
22.8
23.3
2.8
31.2
7.4
17.8
11.4
22.5
16
1.5
4.9
3.8
4.7
6.5
27.7
26.4
18
13.3
4.7
12.1
4.1
6.6
22.9
3.5
9.1
29
9.3
19.1
11.5
17.7
4.3
4.4
6.1
22.9
6.7
28.4
1.4
3.1
4.8
2.3
20.7
5.4
12.7
17.5
16.5
33.4
10.1
2.3
22.3
3.3
19.8
5.6
4.2
8.3
29.6
18.8
19.7
8.1
3.2
3.1
25
28.5
23.6
32.6
11.3
18
8.5
5.9
8.8
3.6
12.8
15.1
20.3
7.2
15.9
2.3
2.5
1.8
4.4
28.4
3.9
1.4
34
11.5
1.7
7.9
1.2
3
1.7
8.9
4.8
6.1
35.1
10.1
3.1
3.9
1.3
2.2
3
6.9
4.7
15
26.5
9.4
3.5
12.9
29
21.8
30.2
10.2
24.4
18
19.1
28.2
3.2
12.6
13.1
4
19.2
26.6
16.8
5.8
27.6
4.9
15.4
18.7
24
4.5
12.3
20.5
23.9
5.4
27.5
13.3
2.4
18.4
9.4
25.7
1.7
11.5
27.4
7.9
15.4
7.6
9.6
2.1
1.5
19
20.2
23.9
1.9
1.8
9.6
10.6
30.2
9.1
8.3
3.6
5.3
11.4
9.2
14.6
5.7
19.1
24.5
8.6
6.3
29
3
25.2
7
8.2
24.7
16.6
4
3.4
24.3
0.7
4.1
32.1
2.3
28.9
13.4
5.3
28.8
7.2
4.7
14.1
2.1
30.7
16.1
6.2
26
7.8
13.4
2.1
6.8
3.4
2.3
2.2
26.7
12.7
2.2
7.2
11.3
1.7
15.7
2.6
9.7
6.2
2.7
2.2
7.6
27.5
2.5
22.7
24.1
6.1
10.2
4.8
10.7
3.7
2.8
3.6
22.4
11.5
7.5
4.3
7.2
17.5
9
20.3
25.5
2.3
29
30.2
27.9
8.9
5
7.4
4.4
24.8
30.5
27.6
0.7
26.4
26.8
22.1
27.4
23.1
17.5
8.8
13.2
23.1
8.3
17.9
18.4
25.5
3.3
26.2
6.2
7.7
3.9
21.8
24
31.5
28.7
1.5
30.9
29.8
25.1
7.8
3.6
29.8
2.7
1.8
17.3
1.3
1.5
29.2
1.9
17.2
19.1
8.9
4.1
27.2
29.9
15.6
2.9
16.6
8.7
2.1
26.4
15.2
26.2
3.8
1.7
3.4
28.5
28.5
9.8
10.8
28.1
2.7
4.3
1
22.8
23
2.1
1.6
0.8
28.9
24.5
32.2
5.9
24.9
3
30.2
12.9
5.1
30.1
4
12.6
3.3
2.7
14.2
1.4
14.4
9.5
4.8
10.9
11.9
2.4
1.3
9.6
10.1
22
3.7
29.8
31.5
22
6.5
21.9
28.7
7.6
18
34.4
3.7
10.6
12.6
17
1.9
13.4
33.3
23.7
15.4
30.2
26.9
5.5
11.5
2.9
13.6
21.3
5.5
2.1
28.1
4.1
2.7
3.1
5.3
5.8
21.6
20.4
5.7
26.3
14
12.8
26.4
6.1
14
26.1
2.7
7.9
1.7
3.2
14.9
28.4
15.7
9.8
16.9
1.4
7.3
1.4
0.9
7
14.2
26.3
1.2
1
9.3
20
2.5
27.4
26.7
6.1
27.4
3.9
12.3
30.7
8.9
23.4
3.9
29
29.9
7.4
13.4
2.9
32.7
25
5.9
6.6
3.8
5.2
31.3
1.1
16.3
2.2
4.3
14
10.7
26.3
27.6
28.1
9.2
30.3
35.9
29.8
16.3
1.7
30.7
8.7
15.5
13.4
2.6
26.9
4.6
30.6
28.9
22.2
9.6
21.4
28.3
16.6
25.5
29.8
8.4
12.9
0.6
0.6
15.8
1.7
1.6
3.6
1.7
4.7
2.7
4.5
4.8
1.9
29.4
27
2.4
6.3
10.7
2.5
2
14.1
29.7
2.7
20.6
6.5
21.6
23.4
16.1
4.4
4.4
18.4
8.8
7.6
5
29.7
14.6
29
10.7
33.1
5.4
2.1
11.8
5.8
18.7
4.2
27.4
7.1
3.5
27.8
30.1
12.6
33.5
19.9
26.8
24
5.8
5.6
0.4
15
3.9
5.4
7.8
4.5
27.5
13.7
11
27
26.1
9.6
7.1
19.4
1.5
11.2
9.2
6.1
3.9
1.5
24.7
8.9
3.7
14.3
28.8
22.9
6.4
17.8
9.9
2.4
1.6
28.7
30.4
17.2
31.9
28.8
17.2
7.4
11.9
32.7
7.4
8
1.4
26.2
9.9
5.2
6.6
26.8
2.5
10.8
4.2
1.6
27.2
24.1
1.8
5.4
31.8
30.9
25.3
8.8
12.9
23.4
19.6
27
26.8
2.4
6.4
26.7
31.2
27.9
31.6
4.3
4.6
26.5
10
29.7
11.6
19.2
17.2
21.6
0.9
8.4
25.1
29
6.1
7.1
23.4
30.9
4.5
18.3
15.4
7.2
4.9
20.8
29.7
6.2
25.4
28.8
8.5
29.7
29.1
19.9
31.4
4
31.9
25
23.2
26.2
21.6
26.4
24.7
18.9
6.6
30.1
26.7
11.1
18.5
29.5
9.9
22.4
29
6.7
30.1
5.6
25.9
13.8
14.3
12.1
29.6
11.6
37
11
2.8
21.9
1.1
7.8
17.5
28.3
23.6
32.4
9.5
9.2
8.8
21.6
9.2
29.7
25.2
28.6
23.7
28.5
37.2
34.5
7.8
22.4
32.6
21.7
16.4
25.5
16.1
27.3
21.8
29.1
4.7
23
1.6
28.4
22.9
22.4
3.2
6.1
13.4
10.8
11.4
28.8
25.4
15.4
31.2
27.9
29.9
17.9
27.2
10.4
22.1
16.5
3.8
18.3
14.5
33.7
1.6
1.3
17.7
3.5
23.9
19.7
1.9
7.8
5.7
22.4
4.2
35.2
34.6
33.5
28.8
3.4
14.1
11.8
0.6
17
1.3
16.1
14.7
21.3
29.8
2.9
29.9
8
1
8.6
7.7
32.1
11.6
29.7
3.5
5
21.3
4.8
2.8
24
1
3.2
2.1
20.5
1.9
13.8
11.7
13.3
6.8
2.8
1.5
4.2
28.4
11.3
18.2
1.7
36.2
19.8
21.9
1.5
1.3
30.7
1.6
3.1
3.1
4.5
4.3
22
34.3
12.1
3.8
1.4
29
33.4
24.5
18.1
6.6
1.9
13
24.3
24.3
30.8
12.5
30.3
4.9
4.9
17.4
14
3.7
3.8
1.5
2.3
25.9
3.1
33.5
28.5
31.2
32.9
6.3
18.2
2.9
26.7
3.3
36.2
4.4
30.3
13.3
33.2
15.8
35
5.9
13.2
20.2
27.1
1.7
14.5
5.1
14.4
34.5
5.1
1.5
29.4
30.7
33.4
34.4
3.4
30.9
1.3
14.5
29.9
2.1
34.8
24.9
33.8
6.4
9.1
11.2
6.4
27.5
1.9
3.7
21.1
10.4
16.1
28.3
33
31.5
35.4
17.4
32.9
0.8
9.7
1.7
4.3
16
2.4
10.2
1.6
21.9
11.5
34.8
5.4
17.6
3.3
2.7
7
18.9
10.9
17.2
4.3
24.7
27.9
7.4
30.9
20.4
28.1
34.5
23.5
34.7
14.2
9
8.3
2.4
33.2
25.9
5.2
10.3
5.6
3.5
20.2
30.5
14.1
6.5
1.5
10.2
6.9
31.9
1
4.6
17.4
35.9
17.3
31.4
21.2
9.3
32.6
14.1
29.5
33.9
17
13.3
15.1
6.4
22.7
7.7
19.1
1.7
35
8.3
33.3
5.1
29.6
25.7
19.3
2.7
34.3
27.3
27.2
32.5
2.2
5.6
31.3
3.4
13.8
29.8
31.3
23
12.6
5.2
25.5
1.8
17.6
3.2
27.5
4.5
11.8
27.9
17.3
22.3
24.2
2.5
38.7
2.2
2.2
13.7
20.9
15.4
5.5
15.5
10.3
11.7
2.9
1.7
21.5
27.3
1.7
2
33.2
4.6
5.6
9.5
3.5
6.8
11.1
30.6
12.6
3.7
1.8
4.4
36.8
11.4
2.2
31.3
22
20.4
1.8
14.1
12.3
8.7
13
2.1
8.9
28.7
17.1
2.7
3.6
16
17.3
2
4.4
25.3
28.5
12.8
5.8
1.7
6.6
30.2
23.7
34.7
34.5
2.3
5.3
16.2
1.8
30
3.8
29.7
15.9
1.6
9.3
12.2
13.5
10
22.1
26.3
30.9
21.5
18.8
13.9
2.7
10.5
2.1
14.1
15.8
30.7
6.9
2.4
19.8
1.7
2.7
0.6
30.2
2
19.1
16
1.4
21.3
12.2
12.9
26
9.5
1.9
1.8
16.4
33.3
19
30.2
5.3
21.5
32
10.1
2.3
1.6
3.6
14.8
26.8
31.7
14.5
1.3
11.5
9.7
2.1
22.1
9.2
4.1
8
1.5
27.2
20
33.4
1.4
5.8
31.6
27.7
13.6
6.5
8.2
2.6
5.4
32.5
15.3
6
5.1
10.1
31.6
5.4
23
2
33.2
3.7
14.9
6.2
24.8
2.9
2.9
2.1
12.8
34.7
2.5
35.9
29.4
19.4
33.3
4.5
33.1
10.2
28.1
2.1
22.4
31.1
31.8
32
13.4
1.5
23.6
15.2
7
13.6
25.8
2
4.5
35.9
32
1.9
2.7
1.5
33.7
30.4
27.7
8.7
14.8
4.8
6.9
11.2
34.1
22.4
23.6
23.8
36.2
5
12.4
5.4
15.5
33.4
3.7
22.2
14.4
9.1
4.6
38.2
2.2
1.9
5
4.1
14.4
7.7
21.8
35.9
6.5
21.6
3.1
4.9
2.9
9.9
31.3
16.8
25.9
2
8.1
7.8
30.2
12.2
6.1
3.2
29.8
25.8
30.1
23.9
4.3
29.3
0.6
5.4
3.8
25
1.3
8.1
30.2
32.8
20.4
38.3
29.2
5.7
18.9
2.1
34.1
8.4
32.5
11.2
9.3
3.1
0.5
2.4
27.8
1
12.2
2.9
22.1
1.5
4.4
2.9
30.5
30.2
9.3
2.6
21.1
31.8
32.2
8.3
22.3
30.9
30.2
11.3
30.2
32.6
7.4
32.4
7.8
4.5
10.8
14.7
26.6
32.1
14.1
4.1
32.5
31.3
12.9
9.2
4.7
5.6
2.4
1.6
3.9
10.3
10.2
12.4
27.7
11.9
28.6
14.6
2.4
3.5
3.7
2.1
2.7
3.1
8.9
1.7
27.1
5.4
7.6
7.8
1.6
30.9
8.5
5.6
1.6
30.7
3.7
2.1
22.6
2.4
1.9
29.8
34.1
15
0.5
3.6
17.6
23.6
36.4
31.6
15.7
1.3
21.8
34.8
11.7
33.3
25.3
28.4
2.1
8
14.8
25.7
30.3
21.1
5.9
7.1
2.1
1.9
25.3
2
32.5
23.8
1.7
30.8
33.3
11.6
17.8
12.1
32.7
26.2
4.7
7.4
32.9
6.3
6.8
12.4
8.4
13.2
2.7
14.7
21.6
4.4
5.2
31.5
4.2
1.5
12.7
7.1
16.8
5.6
13.2
5.1
3
1.6
28.8
2.5
2.7
30.4
3.4
12.4
17
4.3
28.4
29.7
15.4
2.2
20.1
7.3
30
3
20
15.7
7.1
31.2
10.6
28.6
21.7
28
28.6
0.7
2.9
6.2
28.2
0.5
9.8
13.5
4.1
5.6
27.9
10.8
31
9.8
17.9
17
1.8
30.3
11.3
1.9
11.5
6.4
30
1.7
9.5
33
12.2
3
31.7
9.9
32.5
3.4
4.6
24.1
7.7
10.9
17.8
15.4
32.3
5.1
32.2
3.7
0.7
37.6
12.5
24.2
8.6
3.4
12.7
12.8
32.3
1.7
12.2
8
31.6
15.7
2.3
4.6
24.3
25.3
32.2
